18
28
16
20
13
14
33
14
25
13
16
18
24
24
20
14
22
16
8
10
19
12
24
21
16
18
18
25
18
11
12
6
16
22
14
16
18
23
14
12
14
13
28
28
12
12
10
6
10
14
14
12
14
4
11
24
17
18
18
22
28
12
19
16
18
12
16
15
9
16
18
7
5
12
6
13
10
20
22
13
16
26
24
6
11
10
19
16
11
23
20
26
22
24
11
17
19
10
28
18
10
6
14
16
24
10
22
18
8
12
16
12
22
12
8
16
22
10
8
18
12
18
33
24
20
10
20
25
26
8
24
10
21
18
14
23
12
17
33
18
22
30
11
8
8
22
14
16
20
30
17
10
9
2
14
4
2
8
11
6
7
8
10
12
15
8
10
8
14
13
9
12
24
20
12
32
28
30
19
12
8
22
28
20
16
24
22
13
14
20
10
14
23
15
18
24
16
12
26
14
8
18
24
21
20
20
20
16
6
6
11
20
14
27
18
28
10
21
18
12
14
14
16
26
18
22
14
8
12
14
20
14
24
26
8
15
20
12
6
4
10
10
14
14
12
13
10
8
18
12
14
9
18
22
12
13
12
14
9
8
7
14
17
12
21
12
11
14
16
15
4
4
7
14
12
14
10
12
18
10
10
6
4
21
8
14
17
10
16
10
4
6
16
12
8
8
8
14
26
16
8
8
20
18
20
8
6
12
16
6
12
14
11
7
6
8
14
8
10
16
12
10
14
6
7
8
14
4
8
24
15
14
24
20
22
12
6
8
11
12
14
6
12
10
17
14
26
16
10
12
8
6
6
12
24
13
18
18
18
22
20
14
12
22
14
14
12
14
12
12
14
23
16
12
14
11
8
14
11
7
6
8
6
14
18
14
20
20
18
14
13
10
5
6
10
8
14
10
11
17
18
16
18
17
15
14
10
14
12
14
11
2
18
11
9
10
6
8
12
14
8
8
9
7
6
3
2
4
15
10
8
3
1
2
7
4
8
12
4
12
3
7
5
6
8
2
6
5
6
4
2
10
4
5
10
8
10
16
6
7
10
10
9
10
8
7
20
11
13
15
13
8
2
11
12
3
4
10
9
13
16
8
13
5
10
6
8
16
4
9
4
12
13
12
5
6
14
3
13
13
22
10
8
8
8
2
2
4
2
4
2
2
4
6
10
12
10
6
7
8
4
6
9
16
10
8
12
8
10
6
15
6
6
3
4
5
4
5
4
5
12
4
5
5
6
6
10
4
4
5
12
8
8
5
6
4
2
6
6
2
2
4
4
2
5
12
6
6
2
4
8
3
14
15
8
8
8
8
6
3
4
4
2
4
8
8
6
6
1
4
6
1
2
2
2
1
4
11
12
13
12
4
8
6
9
8
1
2
2
8
8
19
12
11
10
10
11
8
8
2
2
6
11
14
0
14
9
8
9
12
6
12
10
15
8
4
6
8
6
14
8
3
7
4
6
6
8
14
8
12
7
18
15
10
10
11
24
20
7
8
13
4
4
2
4
10
12
8
6
10
10
16
6
4
7
22
6
6
2
10
8
9
8
8
10
12
12
14
7
12
13
8
9
4
18
14
15
8
8
8
14
6
15
16
22
8
12
8
10
14
16
18
12
10
7
14
17
10
12
20
8
13
24
8
7
12
10
14
18
26
14
18
24
14
14
8
11
16
24
14
19
16
36
25
22
15
18
6
14
18
10
26
10
14
8
11
6
16
24
16
6
18
15
30
22
20
16
26
20
12
14
20
10
20
14
18
26
18
17
16
18
14
23
8
18
22
20
28
20
24
16
18
10
14
18
8
22
19
17
32
35
19
20
38
26
22
30
29
33
18
19
16
27
19
26
18
30
22
12
28
16
35
30
28
42
40
42
34
18
24
28
27
22
39
48
22
16
28
28
28
35
34
40
20
31
32
27
40
36
29
44
17
18
28
17
18
24
12
21
12
32
19
14
24
34
38
25
34
30
22
33
28
18
22
22
37
10
24
15
25
14
18
26
22
22
25
34
28
18
36
24
34
32
36
17
22
23
30
33
24
18
16
26
22
14
18
28
18
15
12
24
30
12
20
20
22
15
16
23
34
16
34
14
24
19
20
20
16
29
17
19
28
21
18
20
22
27
26
32
36
16
14
18
26
21
14
26
48
43
36
34
34
33
28
24
38
26
20
20
20
20
14
40
30
34
34
36
39
32
19
17
33
16
22
25
28
15
28
24
42
30
22
26
42
25
26
18
22
30
28
22
18
20
38
30
27
37
32
44
32
18
36
16
13
34
24
16
13
4
9
30
22
22
14
10
18
30
16
13
20
28
28
38
26
20
20
46
27
60
23
42
34
41
30
30
28
39
21
30
41
18
34
24
21
21
18
36
30
45
35
23
22
41
44
40
19
35
46
39
46
28
24
23
32
38
40
28
40
42
46
50
58
40
42
44
40
52
18
22
40
36
30
44
38
24
26
30
39
31
38
26
49
30
27
34
20
30
22
40
36
32
34
35
32
42
30
37
28
34
38
12
32
38
32
28
44
38
44
42
30
32
24
20
38
36
25
34
42
46
16
26
28
32
30
22
28
39
34
32
40
34
41
24
32
35
42
31
26
26
34
34
44
59
34
46
35
52
43
42
48
68
53
44
44
38
54
48
41
62
54
33
23
42
42
56
63
38
29
32
43
72
63
34
30
52
42
60
38
41
38
47
62
54
27
36
40
30
40
33
46
44
20
26
53
26
20
33
36
34
30
38
42
72
40
40
35
38
56
38
34
21
22
30
20
34
44
40
43
40
37
31
51
43
44
44
22
42
28
16
32
40
49
34
32
26
24
37
37
21
28
30
30
35
30
35
40
34
28
53
40
36
28
32
30
31
44
37
48
50
44
30
26
28
26
40
32
32
30
22
23
28
44
20
44
21
24
16
41
39
33
33
29
22
27
24
31
44
34
28
47
32
31
26
44
26
28
36
36
41
29
28
24
18
28
28
14
26
36
16
24
12
20
8
36
26
24
22
26
16
19
6
24
12
17
30
22
14
24
24
25
32
23
16
26
14
22
18
36
36
31
21
19
20
23
10
13
28
20
25
24
24
15
34
34
41
36
28
27
26
32
30
41
32
26
32
30
14
1
12
26
28
33
32
42
28
26
16
38
30
22
17
28
38
32
30
14
16
23
34
28
18
22
20
30
24
20
30
20
18
22
21
23
32
31
19
26
24
30
32
29
20
16
22
16
22
32
23
20
22
19
11
7
10
12
7
27
15
19
32
24
16
18
19
28
14
18
26
18
30
16
36
22
32
18
22
14
20
22
32
36
28
22
16
11
11
12
14
19
14
16
16
16
24
14
48
31
26
14
21
14
19
22
23
16
20
21
18
18
23
38
25
26
14
19
30
18
22
25
28
34
32
33
22
25
33
28
27
18
26
24
24
26
23
17
17
21
10
17
18
17
14
11
22
8
14
13
18
20
16
12
26
19
26
22
18
40
20
20
26
12
30
21
32
25
27
14
13
34
20
16
28
18
22
20
18
34
30
30
23
31
14
12
24
10
18
17
20
8
20
14
16
10
22
8
15
13
19
30
32
21
14
12
17
16
22
24
22
18
37
26
18
12
25
22
17
18
16
16
42
56
26
19
18
28
27
24
23
36
16
26
22
25
14
16
8
25
31
22
18
33
20
16
26
33
23
30
28
17
8
31
27
16
14
22
13
16
28
30
25
18
12
20
20
18
28
11
13
21
13
26
10
10
12
14
14
19
14
15
19
25
26
22
22
28
22
18
18
20
18
18
12
24
26
19
8
16
16
25
16
20
14
8
12
17
28
22
19
20
21
14
16
24
16
16
9
12
16
22
24
10
8
13
33
22
22
32
10
26
17
14
18
24
36
24
34
15
21
17
11
18
27
13
9
14
19
18
20
28
18
14
10
18
17
20
14
7
9
16
13
16
6
4
16
16
8
14
15
13
10
21
26
25
14
14
26
20
12
10
14
4
6
10
8
10
8
18
10
7
8
8
11
9
8
18
22
26
11
2
14
12
4
6
2
1
6
10
5
8
14
1
8
12
5
10
4
4
9
10
11
16
8
12
5
18
4
10
8
14
5
4
6
11
6
20
10
9
8
21
10
20
13
18
11
12
14
18
18
15
14
6
10
20
18
18
17
12
10
13
22
20
13
14
10
12
12
20
8
9
4
8
6
16
8
16
2
8
3
16
12
10
16
11
11
14
12
16
8
6
8
5
13
5
2
8
7
4
2
4
10
4
8
11
14
10
10
11
11
12
16
21
8
10
10
22
12
9
9
10
14
15
8
13
20
16
9
12
13
16
16
6
8
12
9
8
8
2
10
6
12
9
8
2
6
8
12
8
12
6
14
15
23
12
16
14
14
12
10
12
8
12
14
14
17
17
4
10
4
12
8
8
2
14
10
10
8
8
4
6
8
4
9
16
10
9
5
6
16
14
10
10
9
11
8
4
8
12
16
4
8
8
7
7
8
5
6
5
12
4
8
5
8
8
4
5
1
10
10
8
4
6
4
10
6
11
7
16
11
10
9
5
10
8
10
14
8
6
10
10
8
3
6
10
7
4
10
8
10
6
4
3
4
14
10
8
6
4
6
8
4
7
4
16
16
18
12
20
10
10
8
11
12
15
11
7
6
4
8
12
7
6
6
4
7
0
4
5
6
9
20
10
3
7
12
4
11
1
2
2
10
8
10
2
0
2
4
8
9
5
8
20
17
19
14
10
11
18
12
14
6
15
20
18
15
6
6
12
5
10
8
10
10
9
12
4
6
13
7
11
2
2
2
22
14
8
5
12
8
11
11
11
14
9
12
15
20
7
18
25
25
18
25
8
15
6
13
16
30
18
14
12
8
14
20
19
8
12
12
17
14
18
6
21
19
12
20
12
20
22
14
14
22
16
25
18
34
16
19
16
12
24
10
24
25
8
13
31
14
28
9
9
26
19
19
28
18
15
18
26
20
22
30
18
12
26
32
26
36
32
30
40
18
24
26
24
23
27
30
15
20
26
30
30
12
35
28
14
30
44
27
23
28
28
30
36
41
36
43
38
24
25
18
27
17
36
37
18
24
24
18
35
30
11
26
44
34
43
23
29
26
49
30
46
38
44
24
42
52
48
42
32
44
27
34
31
14
24
26
32
44
23
17
22
28
36
32
35
36
18
40
36
30
37
30
40
22
18
28
39
20
24
40
22
28
30
35
50
32
8
68
48
38
34
25
24
33
30
44
50
53
38
31
20
28
44
30
32
33
38
28
37
46
17
26
28
36
22
31
34
37
34
27
22
20
24
37
24
26
41
40
32
36
30
43
26
32
22
32
14
28
16
16
24
17
20
27
40
24
34
24
38
36
25
32
31
22
30
40
26
34
31
30
32
40
62
48
44
45
42
38
30
34
36
40
48
36
22
34
42
38
56
42
48
30
50
29
24
32
44
42
42
42
42
27
48
48
38
35
36
27
31
38
20
33
42
22
28
16
20
40
65
42
45
37
28
32
17
14
12
12
10
20
2
42
29
28
36
36
46
42
39
46
28
33
18
8
24
12
10
16
22
10
10
12
21
12
21
14
32
32
30
49
38
36
34
23
22
30
23
38
41
58
43
38
36
33
16
46
24
19
28
22
30
31
11
20
36
6
12
32
26
18
10
14
20
37
22
26
23
43
38
25
10
12
10
14
8
20
16
12
2
8
8
8
18
14
10
22
13
12
19
14
22
10
22
20
16
4
12
8
18
10
14
14
3
4
9
12
23
37
56
38
46
28
31
26
10
22
38
34
31
33
30
26
32
29
32
28
32
22
26
22
38
28
55
48
37
22
36
44
27
46
22
36
38
33
32
34
38
44
24
36
40
28
36
34
40
36
38
24
34
36
46
50
33
28
33
42
31
28
30
32
48
36
44
33
34
25
32
33
31
32
32
40
29
40
29
27
35
28
30
24
25
37
43
40
42
50
44
66
52
30
35
42
50
40
41
28
46
49
40
30
22
31
33
28
40
28
24
36
50
49
36
22
44
40
44
34
35
25
42
37
32
20
30
24
20
25
24
28
28
30
18
30
39
31
43
34
34
19
26
28
36
30
29
40
36
32
38
36
31
26
58
37
47
46
32
28
24
30
25
13
28
21
28
26
32
35
34
36
28
33
30
13
33
34
24
28
34
35
19
36
45
43
42
40
30
30
51
36
33
41
52
36
40
33
36
24
36
30
25
22
24
24
25
26
19
21
22
22
44
22
31
20
24
22
22
36
20
15
26
32
50
31
28
36
30
18
28
33
26
30
18
15
14
20
27
26
24
26
24
24
31
28
27
18
26
10
16
14
10
13
8
28
21
16
19
18
19
16
12
38
28
12
9
24
14
25
28
23
33
20
20
16
21
16
10
28
17
26
22
31
16
16
32
28
16
33
40
22
26
26
19
24
14
18
18
18
38
31
44
21
40
18
14
18
21
28
20
8
14
26
14
17
32
16
29
20
30
25
22
18
37
18
24
18
35
22
24
24
19
